 3 19 1
 6 10 7
 7 16 14
 6 7 4
 5 19 4
 1 2 17
 4 16 4
 12 10 19
 12 19 14
 19 16 2
 8 3 3
 0 16 7
 12 6 8
 5 16 2
 13 13 1
 2 2 11
 3 10 0
 4 7 6
 17 2 7
 5 15 2
 4 7 13
 14 0 13
 16 1 12
 2 9 0
 5 3 14
 11 9 6
 7 12 18
 12 13 7
 18 6 17
 18 19 14
 8 19 3
 5 16 11
 0 9 11
 9 9 3
 11 17 12
 3 3 16
 12 16 18
 11 13 12
 18 17 10
 0 14 18
 0 13 1
 17 15 17
 3 12 15
 10 1 16
 8 15 13
 1 1 10
 1 13 2
 5 10 8
 5 6 5
 4 1 1
 11 14 11
 14 12 12
 13 13 14
 17 0 14
 9 10 18
 7 5 15
 3 14 6
 16 9 17
 16 2 6
 7 10 11
 17 19 3
 12 11 6
 15 16 12
 10 8 1
 5 15 18
 7 12 14
 1 17 11
 11 6 15
 5 2 12
 8 15 1
 10 4 9
 7 3 3
 1 11 12
 4 12 14
 3 5 11
 15 15 7
 1 10 0
 4 15 19
 9 1 2
 19 15 9
 2 9 11
 2 15 4
 12 11 9
 12 10 11
 14 10 11
 13 18 2
 16 13 19
 5 8 17
 13 2 11
 10 5 15
 13 19 16
 6 15 13
 6 19 11
 4 17 10
 4 9 0
 12 1 17
 15 13 1
 18 16 8
 18 17 11
 10 7 15
 15 14 9
 1 7 12
 10 7 12
 14 11 2
 4 9 5
 2 11 4
 19 18 19
 18 13 0
 16 2 4
 15 9 17
 1 15 3
 6 18 10
 12 17 6
 0 12 14
 18 18 9
 15 18 8
 16 13 4
 17 6 5
 19 15 3
 13 10 6
 8 6 10
 16 1 9
 9 12 0
 15 9 8
 12 15 19
 6 16 14
 18 15 13
 1 11 14
 9 13 8
 10 4 19
 3 16 4
 10 16 2
 16 16 16
 5 2 6
 8 10 2
 7 1 8
 19 19 11
 12 17 9
 9 7 17
 18 5 2
 7 16 3
 0 14 1
 8 13 3
 18 4 17
 10 9 7
 10 7 18
 0 10 13
 8 13 13
 9 5 13
 2 3 1
 18 1 14
 16 0 10
 17 9 14
 15 12 14
 15 0 2
 3 19 3
 10 12 19
 18 6 13
 3 4 13
 3 18 18
 9 17 18
 13 1 17
 16 9 10
 9 13 12
 4 9 3
 16 0 10
 11 6 15
 6 16 8
 13 2 9
 4 11 7
 9 1 7
 0 19 8
 4 13 4
 15 5 4
 3 2 4
 15 10 19
 14 16 11
 14 6 10
 17 4 10
 5 8 0
 13 15 7
 17 5 2
 10 4 19
 1 19 16
 18 0 6
 1 8 17
 14 8 0
 12 5 14
 18 7 8
 18 14 17
 15 4 1
 12 4 12
 8 13 16
 12 1 13
 18 2 10
 4 2 15
 1 13 2
 3 4 19
 4 14 2
 0 15 15
 14 7 10
 7 15 8
 2 1 16
 11 18 13
 9 8 14
 15 11 6
 7 17 8
 0 8 6
 9 5 8
 8 15 5
 6 3 11
 13 19 18
 10 1 13
 12 8 9
 14 4 4
 12 0 17
 10 16 10
 13 12 11
 19 14 0
 17 18 15
 18 19 11
 1 14 18
 12 6 3
 4 0 2
 9 13 8
 8 0 6
 15 11 2
 0 9 10
 1 15 15
 12 12 0
 6 6 14
 13 7 10
 11 19 12
 4 8 9
 9 5 2
 13 19 7
 4 7 10
 8 6 4
 11 6 4
 13 7 15
 5 8 0
 7 11 7
 13 0 16
 16 16 19
 1 18 18
 0 8 11
 12 8 0
 12 5 19
 15 15 3
 13 8 2
 11 13 12
 15 15 19
 10 17 2
 3 13 3
 9 14 10
 5 18 18
 18 5 1
 12 5 11
 11 18 5
 17 16 7
 5 9 11
 2 16 12
 19 7 10
 18 11 9
 8 1 16
 2 1 8
 3 8 8
 15 8 17
 8 19 5
 10 17 1
 14 19 9
 7 10 9
 18 2 4
 17 4 7
 1 6 11
 9 11 2
 6 19 2
 11 13 10
 10 18 5
 9 2 14
 11 10 5
 18 19 13
 10 15 1
 18 11 14
 14 7 15
 8 5 17
 19 17 5
 1 15 11
 8 13 16
 14 8 4
 10 12 8
 15 5 2
 2 0 14
 3 4 17
 10 19 14
 8 19 4
 14 14 17
 14 7 7
 15 16 4
 19 15 13
 11 16 5
 10 5 15
 18 12 15
 1 4 0
 10 14 7
 18 15 14
 3 14 14
 12 14 13
 4 11 17
 3 1 0
 7 2 13
 4 14 1
 14 7 11
 11 9 13
 8 0 10
 5 18 18
 19 15 6
 16 16 18
 19 16 19
 11 19 3
 12 16 14
 3 11 2
 0 9 6
 19 11 12
 15 5 4
 10 0 7
 11 17 7
 18 9 14
 13 4 6
 7 10 7
 0 1 14
 14 3 14
 7 17 15
 5 12 3
 6 19 11
 6 19 19
 8 11 8
 14 4 3
 18 9 15
 12 0 7
 14 9 9
 2 6 3
 1 4 17
 2 5 1
 19 13 3
 18 12 8
 9 18 7
 16 19 8
 7 6 3
 0 2 7
 1 6 3
 0 3 14
 7 3 2
 3 5 14
 7 11 14
 0 3 11
 2 17 8
 3 2 6
 14 0 1
 5 1 15
 0 0 10
 17 16 0
 12 5 5
 1 2 3
 18 16 1
 19 11 12
 16 13 12
 6 1 15
 6 11 10
 2 16 12
 15 9 6
 9 14 9
 5 10 3
 18 16 5
 19 7 15
 10 7 19
 19 13 16
 0 4 16
 19 2 11
 11 6 2
 10 7 0
 9 18 17
 10 4 6
 0 19 12
 8 6 5
 17 3 13
 14 5 5
 10 18 18
 19 15 16
 1 3 11
 19 3 17
 7 2 4
 0 17 10
 12 2 2
 9 1 1
 12 0 3
 18 13 1
 5 6 0
 6 10 0
 7 16 1
 11 5 4
 13 12 0
 9 18 2
 13 14 11
 3 9 18
 4 3 3
 2 4 13
 6 16 18
 17 0 1
 5 14 0
 3 5 7
 3 5 12
 10 6 16
 0 6 14
 17 13 9
 17 3 10
 16 7 6
 16 6 1
 6 6 12
 19 3 0
 1 11 4
 14 12 16
 17 12 2
 17 4 9
 14 0 2
 12 12 9
 0 7 7
 18 17 19
 12 5 1
 19 6 0
 8 3 5
 10 14 19
 14 10 9
 19 18 10
 1 19 18
 5 18 12
 11 9 4
 2 4 9
 17 15 11
 7 10 2
 18 3 17
 19 11 14
 11 12 19
 14 9 13
 4 15 10
 11 16 14
 16 14 2
 9 10 10
 17 0 12
 17 7 15
 17 10 1
 9 8 13
 13 14 12
 11 17 14
 3 1 15
 11 19 14
 4 17 17
 3 2 5
 7 8 5
 7 13 0
 10 9 14
 12 0 16
 5 2 11
 14 1 0
 13 16 6
 18 0 13
 18 11 14
 8 7 12
 15 3 14
